作物经验效率完整列表
================================================================================

排名 | seed_id | 作物名称 | 生长时间 | 收获经验 | 总经验 | 每小时经验
--------------------------------------------------------------------------------
   1 |   20016 | 菠萝蜜      | 4小时0分      |      867 |    868 |     217.00
   2 |   20204 | 人参       | 8小时0分      |     1734 |   1735 |     216.88
   3 |   20022 | 鳄梨       | 12小时0分     |     2601 |   2602 |     216.83
   4 |   20242 | 似血杜鹃     | 1天0小时      |     5202 |   5203 |     216.79
   5 |   20089 | 芦荟       | 4小时0分      |      831 |    832 |     208.00
   6 |   20202 | 金边灵芝     | 8小时0分      |     1662 |   1663 |     207.88
   7 |   20090 | 薄荷       | 12小时0分     |     2493 |   2494 |     207.83
   8 |   20229 | 何首乌      | 1天0小时      |     4986 |   4987 |     207.79
   9 |   20087 | 百香果      | 4小时0分      |      795 |    796 |     199.00
  10 |   20235 | 金花茶      | 8小时0分      |     1590 |   1591 |     198.88
  11 |   20088 | 灯笼果      | 12小时0分     |     2385 |   2386 |     198.83
  12 |   20201 | 天山雪莲     | 1天0小时      |     4770 |   4771 |     198.79
  13 |   20085 | 番荔枝      | 4小时0分      |      762 |    763 |     190.75
  14 |   20227 | 大王花      | 8小时0分      |     1524 |   1525 |     190.63
  15 |   20086 | 橄榄       | 12小时0分     |     2286 |   2287 |     190.58
  16 |   20228 | 人参果      | 1天0小时      |     4572 |   4573 |     190.54
  17 |   20083 | 红毛丹      | 4小时0分      |      726 |    727 |     181.75
  18 |   20225 | 宝华玉兰     | 8小时0分      |     1452 |   1453 |     181.63
  19 |   20084 | 芭蕉       | 12小时0分     |     2178 |   2179 |     181.58
  20 |   20226 | 依米花      | 1天0小时      |     4356 |   4357 |     181.54
  21 |   20068 | 冬瓜       | 4小时0分      |      693 |    694 |     173.50
  22 |   20222 | 豹皮花      | 8小时0分      |     1386 |   1387 |     173.38
  23 |   20078 | 杏子       | 12小时0分     |     2079 |   2080 |     173.33
  24 |   20074 | 金桔       | 1天0小时      |     4158 |   4159 |     173.29
  25 |   20116 | 曼陀罗华     | 4小时0分      |      660 |    661 |     165.25
  26 |   20126 | 曼珠沙华     | 8小时0分      |     1320 |   1321 |     165.13
  27 |   20063 | 苦瓜       | 12小时0分     |     1980 |   1981 |     165.08
  28 |   20221 | 天堂鸟      | 1天0小时      |     3960 |   3961 |     165.04
  29 |   20218 | 瓶子树      | 4小时0分      |      627 |    628 |     157.00
  30 |   20077 | 蓝莓       | 8小时0分      |     1254 |   1255 |     156.88
  31 |   20220 | 猪笼草      | 12小时0分     |     1881 |   1882 |     156.83
  32 |   20076 | 山竹       | 1天0小时      |     3762 |   3763 |     156.79
  33 |   20057 | 芒果       | 4小时0分      |      597 |    598 |     149.50
  34 |   20048 | 杨梅       | 8小时0分      |     1194 |   1195 |     149.38
  35 |   20058 | 榴莲       | 12小时0分     |     1791 |   1792 |     149.33
  36 |   20079 | 番石榴      | 1天0小时      |     3582 |   3583 |     149.29
  37 |   20039 | 杨桃       | 4小时0分      |      567 |    568 |     142.00
  38 |   20056 | 哈密瓜      | 8小时0分      |     1134 |   1135 |     141.88
  39 |   20075 | 桑葚       | 12小时0分     |     1701 |   1702 |     141.83
  40 |   20042 | 柠檬       | 1天0小时      |     3402 |   3403 |     141.79
  41 |   20396 | 迎春花      | 4小时0分      |      540 |    541 |     135.25
  42 |   20023 | 石榴       | 8小时0分      |     1080 |   1081 |     135.13
  43 |   20095 | 栗子       | 12小时0分     |     1620 |   1621 |     135.08
  44 |   20026 | 柚子       | 1天0小时      |     3240 |   3241 |     135.04
  45 |   20067 | 香瓜       | 4小时0分      |      537 |    538 |     134.50
  46 |   20038 | 木瓜       | 8小时0分      |     1074 |   1075 |     134.38
  47 |   20053 | 桂圆       | 12小时0分     |     1611 |   1612 |     134.33
  48 |   20080 | 月柿       | 1天0小时      |     3222 |   3223 |     134.29
  49 |   20055 | 枇杷       | 4小时0分      |      510 |    511 |     127.75
  50 |   20034 | 樱桃       | 8小时0分      |     1020 |   1021 |     127.62
  51 |   20413 | 李子       | 12小时0分     |     1530 |   1531 |     127.58
  52 |   20035 | 荔枝       | 1天0小时      |     3060 |   3061 |     127.54
  53 |   20128 | 茉莉花      | 4小时0分      |      508 |    509 |     127.25
  54 |   20013 | 葡萄       | 8小时0分      |     1016 |   1017 |     127.12
  55 |   20044 | 丝瓜       | 12小时0分     |     1524 |   1525 |     127.08
  56 |   20072 | 榛子       | 1天0小时      |     3048 |   3049 |     127.04
  57 |   20045 | 猕猴桃      | 4小时0分      |      480 |    481 |     120.25
  58 |   20054 | 梨        | 8小时0分      |      960 |    961 |     120.13
  59 |   20442 | 睡莲       | 12小时0分     |     1440 |   1441 |     120.08
  60 |   20033 | 火龙果      | 1天0小时      |     2880 |   2881 |     120.04
  61 |   20002 | 白萝卜      | 1分0秒       |        1 |      2 |     120.00
  62 |   20100 | 竹笋       | 4小时0分      |      476 |    477 |     119.25
  63 |   20018 | 桃子       | 8小时0分      |      952 |    953 |     119.13
  64 |   20047 | 甘蔗       | 12小时0分     |     1428 |   1429 |     119.08
  65 |   20019 | 橙子       | 1天0小时      |     2856 |   2857 |     119.04
  66 |   20029 | 椰子       | 4小时0分      |      456 |    457 |     114.25
  67 |   20049 | 花生       | 8小时0分      |      912 |    913 |     114.13
  68 |   20052 | 金针菇      | 12小时0分     |     1368 |   1369 |     114.08
  69 |   20031 | 葫芦       | 1天0小时      |     2736 |   2737 |     114.04
  70 |   20145 | 向日葵      | 4小时0分      |      448 |    449 |     112.25
  71 |   20014 | 西瓜       | 8小时0分      |      896 |    897 |     112.13
  72 |   20070 | 黄豆       | 12小时0分     |     1344 |   1345 |     112.08
  73 |   20015 | 香蕉       | 1天0小时      |     2688 |   2689 |     112.04
  74 |   20050 | 蘑菇       | 4小时0分      |      429 |    430 |     107.50
  75 |   20027 | 菠萝       | 8小时0分      |      858 |    859 |     107.38
  76 |   20036 | 箬竹       | 12小时0分     |     1287 |   1288 |     107.33
  77 |   20043 | 无花果      | 1天0小时      |     2574 |   2575 |     107.29
  78 |   20104 | 非洲菊      | 4小时0分      |      420 |    421 |     105.25
  79 |   20135 | 火绒草      | 8小时0分      |      840 |    841 |     105.13
  80 |   20141 | 花香根鸢尾    | 12小时0分     |     1260 |   1261 |     105.08
  81 |   20142 | 虞美人      | 1天0小时      |     2520 |   2521 |     105.04
  82 |   20073 | 菠菜       | 4小时0分      |      392 |    393 |      98.25
  83 |   20001 | 草莓       | 8小时0分      |      784 |    785 |      98.13
  84 |   20011 | 苹果       | 12小时0分     |     1176 |   1177 |      98.08
  85 |   20062 | 四叶草      | 1天0小时      |     2352 |   2353 |      98.04
  86 |   20103 | 天香百合     | 4小时0分      |      368 |    369 |      92.25
  87 |   20010 | 南瓜       | 8小时0分      |      736 |    737 |      92.13
  88 |   20308 | 核桃       | 12小时0分     |     1104 |   1105 |      92.08
  89 |   20091 | 山楂       | 1天0小时      |     2208 |   2209 |      92.04
  90 |   20003 | 胡萝卜      | 2分0秒       |        2 |      3 |      90.00
  91 |   20162 | 秋菊（红色）   | 4小时0分      |      344 |    345 |      86.25
  92 |   20009 | 辣椒       | 8小时0分      |      688 |    689 |      86.13
  93 |   21542 | 新春红包     | 8小时0分      |      688 |    689 |      86.13
  94 |   20097 | 黄瓜       | 12小时0分     |     1032 |   1033 |      86.08
  95 |   20306 | 芹菜       | 1天0小时      |     2064 |   2065 |      86.04
  96 |   20161 | 秋菊（黄色）   | 4小时0分      |      324 |    325 |      81.25
  97 |   20110 | 满天星      | 8小时0分      |      648 |    649 |      81.13
  98 |   20143 | 含羞草      | 12小时0分     |      972 |    973 |      81.08
  99 |   20147 | 牵牛花      | 1天0小时      |     1944 |   1945 |      81.04
 100 |   20105 | 小雏菊      | 4小时0分      |      304 |    305 |      76.25
 101 |   20008 | 豌豆       | 8小时0分      |      608 |    609 |      76.13
 102 |   20037 | 莲藕       | 12小时0分     |      912 |    913 |      76.08
 103 |   20041 | 红玫瑰      | 1天0小时      |     1824 |   1825 |      76.04
 104 |   20259 | 银莲花      | 4小时0分      |      288 |    289 |      72.25
 105 |   20007 | 番茄       | 8小时0分      |      576 |    577 |      72.13
 106 |   20098 | 花菜       | 12小时0分     |      864 |    865 |      72.08
 107 |   20305 | 韭菜       | 1天0小时      |     1728 |   1729 |      72.04
 108 |   20059 | 大白菜      | 5分0秒       |        5 |      6 |      72.00
 109 |   20099 | 油菜       | 4小时0分      |      272 |    273 |      68.25
 110 |   20006 | 茄子       | 8小时0分      |      544 |    545 |      68.13
 111 |   20051 | 红枣       | 12小时0分     |      816 |    817 |      68.08
 112 |   20120 | 蒲公英      | 1天0小时      |     1632 |   1633 |      68.04
 113 |   20065 | 大蒜       | 10分0秒      |       10 |     11 |      66.00
 114 |   20005 | 土豆       | 2小时0分      |      128 |    129 |      64.50
 115 |   20071 | 小白菜      | 2小时30分     |      160 |    161 |      64.40
 116 |   20096 | 生菜       | 3小时0分      |      192 |    193 |      64.33
 117 |   20066 | 鲜姜       | 1小时40分     |      106 |    107 |      64.20
 118 |   20064 | 大葱       | 20分0秒      |       20 |     21 |      63.00
 119 |   20060 | 水稻       | 40分0秒      |       41 |     42 |      63.00
 120 |   20061 | 小麦       | 1小时0分      |       62 |     63 |      63.00
 121 |   20004 | 玉米       | 1小时20分     |       82 |     83 |      62.25
